10000000100001000011100011000001001001000010000001010000000001000100100000000000
00000100000000100000010000100000001010101010000001111010001000100000100000000000
00000000000100100000011000000110001110000100000001000000001000000000000000010100
00000001001010101100001100000100001000000010100000000010000000000101010001000000
11000000100000001100000001100000000111000000000010100100001001100000001000000000
00000000110010011100000000000000000000100010100010000000011000000000000100100000
11000000100001000100000000001000000011010010000001000000101110000000011110000000
00001000001000000000000000000000100000100100100001000000000100100010000010000000
11000000101001001100100100000000000000000010000000000000000000010001000000000110
00000001000000001001100000000000001100000100010010001100000000111000010010000000
10000000000000101000010000001100000000001010111110000000100000001010010000000110
00011000000000101100010000010001110000000100000010001000110000000000001000101101
00000010000101000010010000010001100000111000000000000110000000000000001000010010
10000000010010000001000010000000000110000010011000000000000000001100000000000000
00000010010100000010000100010000000010100000000001000010000000100000000100000101
11000000000011010000000001000000000001000001000010100111100001010000100000001000
00000001001000000000010010111010001100000001100000100000000000000001101010000010
01000000000000100000001100001000100000100100100000000000100100000000101000111000
11000000000100000000000010000110001100000010000001000000000000000000000000001000
00000001000000111100000010110011000000000001001000000100000000000001000100100010
00001110000000000000000100000001000001001000000000111001000000010010000000000000
10000000000000000000100000010000000001000010001001000001000000010100010100000100
10100001001010011000011001011000000000010000000000000000011000000000001000101000
00001000000010010010010010110000000100100000000000010100000011001000000010010001
00000000000001000100000000100011000000010001010000010001000000000010000010000010
